 3.890   0.982   3.616 
 4.170   0.253   2.771 
 4.192  -0.621   2.079 
 4.404  -1.535   1.459 
 4.761  -1.772   0.445 
 4.473  -1.447  -0.490 
 4.132  -0.656  -1.347 
 3.926  -0.148  -2.300 
 3.209   0.282  -2.939 
 2.767   1.252  -3.163 
 2.293   2.255  -3.463 
 1.984   3.162  -3.139 
 1.520   3.847  -1.797 
 1.435   4.019  -0.558 
 1.354   4.403   0.185 
 1.080   4.186   1.188 
 1.285   3.410   2.176 
 1.587   2.443   3.210 
 1.936   1.519   3.448 
 2.510   0.499   3.358 
 3.110  -0.356   2.869 
 3.185  -1.417   2.485 
 3.035  -1.898   1.495 
 3.169  -1.956   0.399 
 2.985  -1.751  -0.873 
 2.913  -1.196  -1.877 
 2.346  -0.699  -2.555 
 2.097   0.216  -3.086 
 1.683   0.890  -3.293 
 1.004   1.951  -2.960 
 0.587   2.764  -2.661 
 0.179   3.157  -1.949 
-0.014   3.478  -0.780 
-0.151   3.269   0.367 
-0.016   3.100   1.554 
 0.089   2.515   2.435 
 0.235   1.960   2.634 
 0.601   0.787   3.203 
 1.058  -0.172   3.103 
 1.674  -1.169   2.634 
 1.567  -1.816   2.131 
 1.775  -2.316   1.165 
 1.586  -2.362   0.068 
 1.708  -2.372  -1.342 
 1.669  -1.852  -2.073 
 0.900  -1.139  -2.639 
 0.620  -0.399  -2.977 
 0.238   0.566  -3.273 
-0.402   1.508  -2.932 
-0.900   1.990  -2.571 
-1.192   2.360  -1.728 
-1.300   2.738  -0.493 
-1.709   2.746   0.592 
-1.283   2.616   1.343 
-1.029   1.767   2.333 
-0.911   0.822   2.646 
-0.554  -0.106   2.959 
-0.226  -0.933   3.108 
 0.162  -1.683   2.859 
 0.076  -2.262   1.819 
 0.296  -2.766   0.894 
 0.181  -2.846  -0.201 
 0.347  -3.023  -1.420 
 0.180  -2.658  -2.486 
-0.343  -1.538  -2.871 
-0.913  -0.783  -3.007 
-1.505   0.091  -3.211 
-2.184   0.907  -2.910 
-2.374   1.597  -2.432 
-2.576   2.171  -1.656 
-2.704   2.283  -0.486 
-2.884   1.907   0.361 
-2.821   1.885   1.548 
-2.611   1.393   2.507 
-2.070   0.306   3.038 
-1.822  -0.702   2.948 
-1.430  -1.510   2.871 
-1.275  -2.432   2.504 
-1.191  -2.984   1.691 
-1.048  -3.629   0.618 
-0.925  -3.744  -0.441 
-0.928  -3.333  -1.552 
-1.233  -2.956  -2.655 
-1.495  -2.110  -2.969 
-1.945  -1.039  -3.386 
-2.610  -0.232  -3.113 
-3.098   0.843  -2.950 
-3.395   1.537  -2.070 
-3.699   1.879  -1.161 
-4.234   2.071  -0.381 
-4.239   1.695   0.717 
-4.343   1.414   1.915 
-3.889   0.793   2.550 
-3.379  -0.132   2.822 
-3.229  -1.193   2.827 
-2.820  -2.592   3.014 
-2.134  -3.034   2.436 
-1.770  -3.805   1.801 
-1.919  -4.333   0.729 
-2.089  -4.157  -0.221
