  2.258  -3.744  -3.263 
  1.653  -4.006  -4.214 
  0.888  -3.073  -4.883 
  0.931  -1.755  -4.645 
  1.196  -0.474  -4.833 
  2.052   0.698  -4.698 
  2.382   0.790  -3.704 
  2.940   1.951  -3.567 
  3.380   1.630  -2.316 
  3.967   2.622  -1.667 
  5.008   3.816  -1.139 
  5.205   2.535  -0.039 
  5.610   1.209   0.572 
  6.382  -0.195   0.652 
  6.244  -1.581   0.739 
  4.984  -1.981   0.945 
  3.861  -3.159   0.715 
  2.745  -3.530  -0.064 
  1.525  -3.724  -0.653 
  0.901  -4.259  -2.045 
  1.027  -3.696  -2.665 
 -0.159  -2.867  -3.280 
  0.306  -2.242  -3.142 
  0.292  -1.101  -3.368 
  0.495   0.585  -3.449 
  0.752   1.768  -3.812 
  1.348   2.131  -2.643 
  1.682   3.098  -2.359 
  2.649   3.450  -1.878 
  2.936   3.401  -0.385 
  3.528   2.283   0.565 
  4.087   1.171   1.048 
  4.016  -0.102   1.828 
  3.365  -1.007   1.839 
  3.316  -2.141   1.431 
  2.187  -2.760   1.508 
  1.622  -3.300   0.557 
  0.762  -3.922   0.602 
  0.002  -3.959  -0.559 
 -0.890  -3.193  -0.837 
 -1.416  -2.290  -2.039 
 -1.779  -1.561  -3.540 
 -1.710  -0.592  -3.656 
 -1.486   0.752  -3.314 
 -0.786   1.828  -2.875 
 -0.176   3.362  -2.174 
  0.355   3.714  -0.977 
  1.108   4.174  -0.330 
  2.130   3.787   1.213 
  2.683   2.799   2.561 
  2.895   1.533   2.875 
  2.838   0.712   3.630 
  2.708  -0.620   3.455 
  2.086  -1.370   2.978 
  0.969  -2.392   2.858 
  0.065  -3.252   2.188 
 -1.098  -3.732   1.664 
 -2.263  -3.754   0.965 
 -2.133  -2.838  -0.020 
 -2.487  -1.870  -1.430 
 -3.074  -0.589  -2.174 
 -3.570   0.471  -2.762 
 -2.981   1.635  -1.830 
 -1.853   2.315  -0.999 
 -1.671   3.893  -0.884 
 -0.584   4.662  -0.288 
 -0.370   4.369   1.048 
  0.385   3.587   1.926 
  0.685   2.691   2.710 
  0.488   1.966   2.651 
  1.015   1.097   3.780 
  0.716  -0.129   4.062 
  0.093  -1.450   4.349 
 -0.862  -2.585   3.818 
 -1.063  -2.476   2.903 
 -2.029  -2.216   2.839 
 -3.227  -1.884   1.570 
 -3.621  -1.613   0.400 
 -4.684  -1.410  -0.710 
 -4.593  -0.378  -0.928 
 -4.447   0.398  -1.507 
 -4.799   1.749  -1.252 
 -3.613   3.239  -1.057 
 -3.322   4.361  -0.526 
 -2.589   4.226   0.237 
 -2.584   4.227   1.820 
 -1.951   2.654   2.606 
 -2.036   3.064   3.335 
 -0.602   2.584   3.965 
  0.027   1.990   5.435 
 -0.086   0.514   5.420 
 -1.340  -0.717   5.187 
 -1.818  -1.510   4.346 
 -3.026  -1.949   4.052 
 -3.833  -1.299   2.863 
 -4.453  -0.573   2.170 
 -5.114  -0.696   0.921 
 -6.065  -0.342   0.630 
 -6.539   0.596  -0.374 
 -6.100   0.671  -1.496 
