 -3.907   3.563   4.447 
 -2.156   0.525   6.575 
  2.626  -0.682   5.816 
  4.697  -1.666   2.541 
  2.222  -5.180   1.094 
 -2.446  -4.842  -0.290 
 -3.786  -5.557  -0.563 
 -4.297  -2.547  -3.419 
 -5.679   1.898  -2.404 
 -3.940   2.486  -4.791 
  0.067   2.419  -4.710 
  0.973   0.848  -8.695 
  4.088  -0.385  -7.136 
  4.867  -1.917  -4.939 
  3.861  -3.751  -2.657 
  4.835  -4.739   0.807 
  1.592  -5.601   3.860 
  0.498  -2.661   6.691 
  1.529  -2.887   8.103 
 -2.314  -1.206   6.257 
 -2.900  -2.808   8.534 
 -2.234  -5.210   6.093 
 -1.895  -6.855   1.607 
 -0.217  -7.708  -0.656 
 -2.109  -5.841  -3.892 
  1.624  -7.166  -3.674 
  1.506  -5.912  -5.082 
  1.296  -1.917  -6.721 
  4.189  -2.851  -4.700 
  5.606   1.202  -5.148 
  4.577   2.869  -2.128 
  5.082  -0.202  -3.066 
  6.079  -2.702   1.085 
  3.348  -5.016   3.997 
 -0.079  -5.627   2.297 
 -2.339  -4.487   5.714 
 -2.668  -3.615   3.033 
 -5.075  -0.608   2.601 
 -6.431  -1.856  -1.293 
 -6.261  -0.210  -2.369 
 -7.161  -3.503  -3.931 
 -2.643  -5.000  -4.244 
 -4.732  -5.694  -1.666 
 -1.070  -4.436  -0.224 
  1.536  -3.670  -2.407 
 -1.173  -4.989  -5.254 
 -0.692  -0.249  -7.114 
  3.582  -0.512  -6.973 
  5.655  -1.406  -3.931 
  8.414  -0.688  -1.376 
  7.346  -0.620   0.792 
  7.448   0.302   4.428 
  5.034  -1.858   5.364 
  1.436  -2.099   6.478 
  1.862   1.234   4.214 
  0.277   4.544   1.694 
 -2.150   6.280   1.362 
 -4.893   4.774   1.438 
 -6.873   0.235   0.170 
 -5.723  -0.310  -3.794 
 -5.954   2.532  -1.687 
 -5.552  -0.376  -2.822 
 -1.904  -3.330  -4.390 
  0.353  -0.199  -4.607 
  1.800   3.413  -4.975 
 -2.265   3.924  -5.077 
  1.522   4.210  -4.638 
  6.174   5.031  -3.952 
  5.668   4.686   0.311 
  3.697   3.458   4.580 
 -0.152   2.370   6.230 
 -0.906  -0.367   7.146 
 -2.914   2.352   4.494 
 -1.194   5.915   2.551 
  0.190   6.387   0.685 
 -0.124   6.081  -2.156 
 -3.481   3.934  -1.024 
 -5.043   1.765   3.372 
 -7.092  -1.691   3.100 
 -3.161  -1.501   2.732 
 -6.722   1.121   3.391 
 -6.516   0.941  -0.937 
 -4.298   2.581  -4.144 
 -5.577   4.726  -3.385 
 -4.302   5.969   0.298 
 -1.270   6.113  -2.947 
  1.362   8.976  -1.411 
  0.534   6.395   0.961 
  1.338   6.973   2.437 
  3.368   5.040   6.002 
  6.744   6.817   4.765 
  4.951   6.175   3.752 
  4.692   7.801   1.181 
  3.755   8.284  -0.744 
  3.925   4.352  -1.056 
  5.142   2.408   0.012 
  2.795   2.231   3.981 
  2.629  -1.913   4.371 
  2.371  -5.704   1.313 
  0.597  -7.166  -0.586
