 -4.806  -7.704  -0.187 
 -2.712  -8.028   0.234 
 -0.087  -7.135  -3.713 
  0.496  -6.603  -3.134 
  2.368  -7.075  -2.728 
  4.153  -8.426  -0.759 
  2.859  -8.575   0.498 
  2.141  -7.429   3.449 
  2.481  -5.406   4.183 
  2.838  -5.530   5.462 
  2.780  -4.482   6.925 
  0.839  -1.931   8.462 
 -1.842  -4.402   6.882 
 -4.228  -4.454   6.980 
 -6.459  -5.844   3.006 
 -6.086  -2.586   4.657 
 -7.708  -3.708   1.713 
 -4.862  -5.054   0.560 
 -7.085  -3.063  -3.124 
 -5.246  -4.881  -3.426 
 -3.424  -6.581  -3.283 
 -1.362  -6.734  -3.567 
  0.210  -5.060  -4.842 
  4.268  -4.601  -3.437 
  3.977  -5.370  -1.854 
  4.923  -6.145  -0.220 
  3.723  -3.293   2.067 
  5.273  -3.230   3.524 
  4.252  -3.669   3.863 
  3.122  -0.882   6.834 
  1.012  -2.802   6.393 
 -1.014  -1.734   7.212 
 -4.260  -1.915   5.940 
 -5.207   0.278   5.370 
 -5.942  -2.125   2.994 
 -6.943  -0.850   1.712 
 -5.299  -2.158  -1.840 
 -4.747  -3.696  -3.664 
 -2.211  -2.559  -5.338 
 -1.802  -1.518  -5.355 
  0.631  -3.039  -6.569 
  3.971  -3.432  -5.938 
  2.388  -3.434  -5.240 
  4.238  -2.737  -3.375 
  5.789  -2.490  -2.031 
  7.015  -1.313   1.045 
  6.127   0.317   3.771 
  6.538   1.412   5.623 
  2.643   1.699   7.121 
  0.544   1.159   6.246 
 -1.621   2.604   6.164 
 -2.763   2.302   4.839 
 -6.026   1.740   4.341 
 -5.662   1.583   2.021 
 -6.019   1.017  -0.818 
 -3.575   0.594  -2.410 
 -4.178   0.468  -4.382 
 -2.674   1.735  -5.753 
 -1.214   1.343  -7.271 
  1.480  -0.669  -6.893 
  3.668   1.386  -6.072 
  5.561  -0.266  -5.570 
  6.171   0.398  -1.161 
  6.325  -0.140  -0.176 
  6.023   2.357   1.944 
  4.806   3.727   2.924 
  4.617   4.451   4.419 
  3.997   3.768   5.040 
 -0.040   3.512   6.006 
  1.449   5.539   5.588 
 -4.260   6.067   2.101 
 -5.034   3.739   2.222 
 -5.783   4.493   0.303 
 -6.875   2.562  -2.662 
 -5.004   3.858  -2.173 
 -5.060   3.925  -3.854 
 -0.537   4.540  -3.789 
 -0.047   1.296  -7.398 
  2.382   3.801  -7.442 
  4.195   3.741  -5.705 
  5.550   3.465  -5.598 
  7.762   1.820  -2.617 
  8.300   4.425  -0.782 
  7.853   3.468  -0.378 
  4.058   5.943   2.580 
  3.284   7.624   2.185 
  2.707   6.179  -0.227 
  0.212   6.413   2.975 
 -1.177   5.706   3.707 
 -2.145   8.291   2.752 
 -5.469   7.327   2.130 
 -4.337   6.897  -1.860 
 -7.053   3.616  -2.880 
 -3.358   6.103  -3.627 
 -3.594   5.380  -6.810 
 -0.437   6.712  -6.243 
 -1.024   5.702  -5.691 
  2.142   5.090  -6.679 
  5.309   4.915  -4.761 
  4.546   5.779  -4.490
