 -4.282   3.312   2.682 
 -0.818   1.177  -6.726 
 -3.988   5.154  -3.645 
  0.942   7.155  -4.611 
  0.848   1.189  -6.148 
 -5.146   0.990  -2.658 
 -1.401   4.886  -1.068 
 -5.387  -2.367  -3.652 
 -8.128   0.061  -2.829 
 -5.358  -5.237   0.848 
 -7.050  -0.994   2.717 
 -5.738   0.348   5.597 
 -0.296  -4.752   6.462 
  3.970   1.425   1.729 
 -5.164   0.182   5.213 
 -4.378   4.912   3.385 
  0.594   7.742   0.698 
  0.259   5.273   5.080 
  5.702   3.150   2.175 
  5.012   3.486  -2.699 
  3.890   1.008  -5.919 
  5.855   0.641   1.019 
  5.720   4.984   0.758 
  5.972   0.575  -0.882 
  0.118  -5.641  -3.797 
  3.394  -3.023  -6.962 
  1.160  -4.833  -4.136 
  3.074  -4.931   1.795 
 -0.630   1.728   5.289 
  3.372   3.565   3.151 
  1.625   0.208   4.551 
  1.021  -6.170   1.780 
 -5.012  -3.994  -3.636 
 -5.749  -3.222   1.364 
  5.216  -2.265  -0.561 
  4.519  -0.577   3.753 
 -1.474  -0.007   3.513 
 -4.772   1.308  -0.419 
 -3.272   6.171  -0.776 
 -3.402   5.913   5.895 
  0.290   7.098   3.341 
 -2.087   6.284  -4.314 
 -4.675   1.330   2.761 
  2.034  -1.574   3.464 
  5.203   0.726  -0.622 
  6.477  -2.826  -0.028 
 -3.641  -3.851   4.414 
 -1.949  -5.509  -2.084 
  2.052   3.410  -4.679 
  0.020  -3.149  -4.642 
  1.225   0.697  -6.582 
  7.307  -1.669  -0.036 
  4.824   4.941  -1.695 
 -3.184   3.929  -3.094 
 -4.677  -3.342   0.939 
 -3.446  -1.297  -3.039 
 -1.497  -4.706  -2.818 
 -1.853   2.982  -3.532 
 -3.557   5.010   2.931 
 -6.477   0.725   2.716 
 -6.764  -1.422  -2.336 
 -3.478  -5.546  -0.058 
  0.482  -3.724   5.762 
  1.196  -5.932   2.145 
 -0.295  -6.640  -1.799 
 -0.817  -6.888   3.542 
  2.569  -8.120  -1.991 
  7.264  -1.989   1.613 
  2.772   4.032   3.040 
  4.563   1.754  -4.113 
  3.887   0.326   3.075 
 -4.404   4.415   0.125 
 -4.201  -2.697  -4.087 
 -1.802  -4.422   4.787 
  4.945  -3.532   4.782 
  1.852   0.602   8.007 
 -5.899  -2.141   2.358 
 -4.477  -3.016   5.290 
 -2.196   1.090   6.520 
  1.802  -3.344   2.971 
  3.264  -3.432  -5.972 
 -3.322  -0.198  -7.060 
  0.273   2.649  -5.745 
 -4.514   1.177  -6.328 
 -5.127  -3.247  -1.753 
  3.855  -5.686   3.536 
 -3.804   4.650   0.665 
 -3.172  -2.330   4.988 
 -0.381  -6.965   2.673 
  3.230   0.122  -4.042 
  3.712  -6.401  -4.573 
  0.337  -5.691  -1.834 
  0.807   4.409   5.648 
  3.820   2.673   6.699 
  3.069  -2.652   4.157 
  5.333   3.181  -0.079 
 -2.300   4.052   3.829 
  4.312   2.606   1.831 
 -1.998   4.359  -3.577 
 -3.089   5.779   1.812 
