  -5.521   1.117  -8.328 
  -4.406   0.151  -8.387 
  -5.148   3.872  -6.483 
  -2.308   5.530  -7.193 
  -2.812   6.894  -5.888 
  -4.001   7.559  -3.326 
  -5.271   6.476  -1.313 
  -4.099   6.824  -0.603 
  -2.918   7.126   0.677 
  -5.500   6.079   2.500 
  -6.214   2.987   3.626 
  -5.677   2.037   4.807 
  -6.367   0.324   3.937 
  -6.455  -1.154   0.456 
  -6.971  -1.625   1.752 
  -6.637  -3.103   0.270 
  -5.488  -4.056  -1.737 
  -4.368  -6.080  -3.963 
  -3.542  -2.424  -5.971 
  -3.306  -1.149  -6.793 
  -2.718   0.937  -6.960 
  -0.695   2.939  -5.907 
  -1.207   5.383  -5.707 
   0.401   6.278  -4.849 
  -0.965   7.933  -2.091 
  -0.846   7.875  -0.798 
  -1.256   7.414   1.537 
  -2.232   6.064   2.813 
  -2.908   5.180   3.206 
  -4.014   2.495   4.219 
  -4.469   1.085   5.295 
  -4.844  -0.825   4.516 
  -4.874  -4.435   3.968 
  -4.504  -3.642   1.317 
  -4.525  -3.764  -0.594 
  -2.892  -4.053  -2.407 
  -3.258  -3.689  -3.716 
  -1.119  -4.644  -4.038 
  -0.016  -1.639  -6.002 
  -0.591   0.573  -7.379 
   1.286   1.473  -5.899 
   1.499   3.306  -5.495 
   1.703   5.534  -2.271 
   2.449   6.723  -1.911 
   1.947   7.289  -0.660 
   1.491   6.869   2.892 
  -0.973   5.171   4.742 
  -0.377   3.471   4.575 
  -0.737   1.513   6.168 
  -1.587   0.342   5.531 
  -1.817  -1.483   5.540 
  -2.611  -3.698   4.323 
  -1.757  -5.319   2.360 
  -1.250  -5.670   1.212 
   0.483  -4.561  -2.808 
   0.512  -5.467  -2.366 
   1.868  -3.987  -4.219 
   2.404  -2.550  -5.531 
   2.624  -0.955  -6.245 
   4.665  -0.170  -4.471 
   4.162   2.906  -3.629 
   5.180   3.124  -2.607 
   3.777   5.054  -1.311 
   5.398   5.759   1.681 
   4.103   5.289   3.332 
   3.052   3.569   5.072 
   1.975   4.024   4.648 
   0.885   0.139   7.972 
   1.154  -1.579   6.957 
  -0.125  -3.162   6.321 
   0.334  -4.984   4.605 
   1.497  -4.030   3.713 
   0.914  -6.644   1.149 
   1.218  -7.320  -0.670 
   1.720  -5.837  -3.609 
   4.798  -4.797  -2.868 
   4.449  -3.147  -5.482 
   5.906  -0.748  -4.047 
   6.618  -0.583  -4.456 
   6.553   2.746  -3.181 
   6.580   4.785  -0.509 
   6.659   3.998   0.422 
   7.062   3.216   2.231 
   5.843   3.381   4.666 
   5.060   2.751   5.983 
   4.669   1.353   6.010 
   3.343  -0.339   7.125 
   3.163  -2.431   7.396 
   3.400  -3.610   5.547 
   1.580  -5.140   6.098 
   3.742  -6.450   3.298 
   3.303  -7.587   2.442 
   3.924  -7.533   1.175 
   4.193  -8.011  -0.719 
   6.206  -6.167  -2.954 
   8.494  -2.917  -2.711 
   7.832  -1.954  -4.454 
   8.096   1.435  -4.363 
   9.726   2.646  -2.623 
   9.693   1.764   0.619
