 -13.276 -11.518  -4.767 
 -14.740  -9.779  -1.656 
 -14.284  -9.177   2.352 
 -15.089  -5.971   4.624 
 -13.627  -5.066   8.080 
 -10.361  -5.298  10.308 
  -7.078  -7.314  10.918 
  -4.656  -5.301  13.264 
  -1.398  -7.462  14.007 
   1.016 -10.456  12.578 
   4.641 -11.229  11.009 
   6.037 -11.013   7.329 
   7.686 -13.241   4.643 
   4.476 -13.870   2.386 
   6.179 -13.537  -1.125 
   3.357 -14.262  -3.889 
   0.579 -13.252  -6.763 
  -3.034 -12.961  -8.795 
  -6.995 -11.554  -7.921 
  -9.245  -9.802  -4.842 
 -11.163  -6.782  -2.944 
 -11.742  -3.893   0.046 
 -11.121  -3.133   4.173 
 -11.160  -0.540   7.400 
  -8.422  -1.073  10.500 
  -5.432   0.097  12.909 
  -1.590  -0.593  13.728 
   0.995  -1.912  11.222 
   4.434  -3.832  10.427 
   6.780  -6.057   7.930 
   9.307  -8.733   6.511 
  10.267  -9.676   2.506 
  10.572 -11.346  -1.522 
   7.642 -11.134  -4.530 
   4.454 -10.551  -6.955 
   0.911  -8.461  -7.330 
  -3.026  -7.677  -8.308 
  -5.386  -4.860 -10.069 
  -9.118  -3.515  -8.381 
 -11.356  -2.320  -4.905 
 -10.539   0.333  -1.672 
 -10.408   2.224   2.158 
  -8.746   3.650   5.957 
  -6.968   6.533   8.144 
  -3.917   5.845  10.846 
   0.244   4.714  11.064 
   3.841   2.395  11.296 
   6.492   0.180   9.180 
  10.171  -0.994   7.605 
  11.067  -2.466   3.938 
  11.332  -5.138   0.885 
  10.349  -6.009  -3.122 
   8.555  -5.818  -6.922 
   5.754  -5.427  -9.956 
   1.827  -4.779 -11.439 
  -0.820  -3.383 -13.891 
  -3.096  -0.365 -12.332 
  -5.870   2.561 -12.029 
  -7.771   3.449  -8.431 
  -7.466   6.229  -5.505 
  -8.221   6.922  -1.340 
  -6.785   8.951   1.901 
  -3.685   8.663   4.681 
  -0.315   9.966   7.086 
   3.687   8.854   7.940 
   7.010   6.183   8.046 
  10.812   4.775   7.057 
  13.699   3.034   4.306 
  15.284   0.272   1.638 
  14.454  -2.108  -1.392 
  12.283  -1.829  -4.770 
  11.502  -2.315  -8.665 
   8.773  -1.667 -11.864 
   4.807  -1.265 -13.068 
   1.175   0.913 -13.748 
  -0.975   4.557 -13.219 
  -4.119   6.760 -11.429 
  -4.920   9.012  -8.090 
  -7.198  11.056  -5.424 
  -6.248  11.168  -1.379 
  -4.302  12.629   1.993 
  -0.811  13.564   3.672 
   3.043  12.221   3.477 
   6.704  11.744   5.513 
  10.653  11.804   6.429 
  13.144   8.925   5.587 
  14.723   7.277   2.238 
  15.916   4.351  -0.162 
  15.860   3.932  -4.203 
  15.125   1.865  -7.601 
  12.157   1.841 -10.293 
  10.569   2.519 -13.972 
   6.916   4.050 -14.289 
   4.259   6.940 -15.316 
   0.857   9.449 -14.624 
  -0.535  11.775 -11.418 
  -3.969  13.381  -9.881 
  -5.111  14.685  -6.260 
  -3.923  18.142  -4.586 
  -2.431  18.617  -0.970 
