  0.707   3.483  16.498
 -0.272   0.361  14.332
  1.264  -2.925  12.684
  4.231  -5.394  12.763
  1.231  -7.646  13.187
 -1.781  -9.636  11.859
 -5.396 -10.345  13.061
 -8.438  -9.207  10.742
-10.471  -5.995  10.824
-12.624  -7.399   7.950
-14.919  -4.264   7.268
-14.214  -1.198   4.986
-12.310   0.843   7.771
-11.484   4.621   8.592
 -8.812   6.991  10.530
 -7.784   9.918   8.105
 -4.030  10.614   9.603
 -0.295   9.513  10.497
  3.714  10.112  10.451
  5.691   6.580  10.368
  5.067   2.724  10.660
  6.335  -0.999  11.409
  7.775  -3.787   8.988
  5.814  -7.307   8.513
  3.314  -9.113   5.989
 -0.529  -9.963   5.377
 -3.565 -11.150   2.875
 -7.333 -11.231   1.826
 -7.576  -7.564   2.665
-10.231  -5.991   0.141
-10.436  -2.200   0.588
-12.266   1.345   1.068
-10.683   4.935   2.652
 -9.568   8.702   2.534
 -6.001  10.366   3.417
 -2.490   8.902   4.529
  1.309   9.404   5.373
  3.779   6.311   5.870
  7.214   5.382   4.104
  6.461   1.703   3.118
  8.811  -1.335   3.523
  9.632  -5.190   2.807
  7.674  -8.378   3.512
  4.094  -7.279   2.155
  2.440 -10.013  -0.027
 -1.108 -11.337  -1.395
 -3.926  -9.335  -3.237
 -7.258  -9.866  -5.232
 -8.430  -6.080  -5.269
 -8.047  -2.450  -4.057
 -9.982   0.836  -4.982
 -7.618   3.819  -4.102
 -7.936   7.652  -3.838
 -4.546   7.957  -1.774
 -0.653   7.425  -1.296
  1.121   4.031  -1.858
  4.267   5.845  -0.764
  6.302   2.860  -2.027
 10.044   2.149  -1.313
  9.651  -1.816  -0.941
 11.247  -4.768  -3.209
  9.000  -8.104  -2.567
  5.279  -8.940  -3.907
  2.339 -11.023  -5.370
  0.012  -9.693  -8.412
 -3.242  -7.755  -9.651
 -7.150  -7.847 -10.161
-10.103  -5.259  -9.748
 -9.404  -1.224  -9.447
 -8.715   2.306 -11.309
 -6.436   5.962 -11.391
 -4.680   8.382  -8.828
 -2.737  11.464  -7.191
  0.869  12.488  -5.839
  3.532   9.811  -4.863
  6.003   7.571  -6.881
  8.094   4.007  -6.336
 11.752   3.326  -4.984
 14.105   0.647  -6.579
 12.024  -2.565  -8.022
  8.984  -4.523  -9.778
  7.040  -7.976 -10.437
  5.804 -10.053 -13.602
  3.014  -8.023 -15.401
 -0.890  -7.474 -16.100
 -2.242  -3.979 -16.562
  0.560  -1.379 -17.156
 -2.358   0.717 -15.558
 -3.490   3.726 -17.749
 -2.546   6.730 -15.428
 -0.513  10.064 -15.148
  1.748   9.903 -11.809
  2.610  13.277  -9.768
  5.928  11.840  -8.191
  9.733  11.414  -9.157
 11.773   8.458 -10.931
 12.910   4.912  -9.798
 13.974   1.372 -11.249
 12.931  -2.334 -12.186
 13.814  -5.771 -10.602
