 -2.942  -6.355  -7.657 
 -6.606  -6.999  -6.537 
 -9.358  -4.370  -5.612 
 -7.209  -3.229  -2.662 
 -4.636  -4.033  -5.216 
 -3.235  -7.133  -3.594 
 -4.256  -9.287  -0.524 
 -0.858  -9.368   0.083 
 -1.789 -10.822  -3.350 
  0.505  -9.951  -6.274 
  1.297  -7.836  -8.536 
  3.285  -6.835  -5.466 
  4.926  -4.135  -7.634 
  2.993  -1.118  -9.113 
  2.459   1.263  -6.154 
 -0.970   2.428  -4.820 
 -1.375   3.519  -1.205 
 -4.402   5.880  -1.523 
 -7.680   6.135  -3.405 
 -8.642   4.002  -6.489 
 -9.058   0.342  -5.493 
-11.050   0.349  -2.260 
-10.813  -3.225  -0.754 
-10.133  -6.955  -1.585 
 -8.463  -6.755   1.157 
 -4.816  -6.277   0.199 
 -4.320  -7.059   3.819 
 -0.591  -6.830   4.107 
 -0.174  -3.175   3.029 
  1.721  -2.623  -0.177 
  3.618  -5.034  -2.287 
  6.972  -6.456  -3.279 
  8.687  -3.112  -3.811 
  7.637   0.178  -2.018 
  4.457   2.168  -3.184 
  4.556   5.849  -4.570 
  2.289   8.921  -3.496 
 -1.471  10.115  -3.227 
 -4.452   8.298  -5.120 
 -4.665   4.405  -5.294 
 -6.941   2.300  -3.086 
 -8.584   3.729   0.117 
-10.756   1.500   2.455 
 -8.626  -1.659   2.197 
 -6.083  -3.358   4.523 
 -3.317  -2.437   2.095 
 -1.313  -4.817  -0.236 
  1.901  -6.561   1.043 
  3.162  -3.672   3.339 
  4.379  -1.479   0.348 
  5.205  -1.796  -3.505 
  7.084   0.560  -5.967 
  7.856   3.738  -3.956 
  7.116   3.905  -0.047 
  3.828   3.478   1.886 
  1.189   0.932   0.395 
  0.675  -0.590  -3.149 
 -0.996  -1.234  -6.636 
 -4.602   0.282  -6.236 
 -5.989  -0.009  -2.669 
 -4.783   0.526   0.951 
 -6.198   0.805   4.553 
 -3.967  -1.372   6.863 
 -1.026  -3.842   7.289 
  0.448  -7.432   7.470 
  3.783  -8.169   5.534 
  7.278  -6.329   5.105 
 10.490  -5.030   3.249 
 11.677  -4.364  -0.440 
 12.018  -1.044  -2.542 
 11.859   2.889  -2.614 
  9.623   5.903  -1.536 
  6.840   7.399  -0.532 
  3.145   6.032  -0.484 
  1.544   4.316  -3.482 
  1.120   5.096  -7.205 
 -0.729   7.185  -6.186 
 -0.735   6.637  -2.360 
 -2.090   7.450   1.119 
 -4.315   4.954   3.131 
 -3.040   3.080   6.271 
 -0.881   0.897   8.505 
  1.901  -0.897   6.651 
  4.463   0.791   4.419 
  6.925  -2.079   4.413 
  5.806  -4.487   1.586 
  7.992  -6.133   0.561 
  8.562  -2.348   0.770 
  9.731  -0.773   3.502 
 10.545   2.999   3.830 
  6.840   3.983   4.033 
  5.793   3.981   7.193 
  3.123   2.603   8.440 
  1.312   2.613   5.068 
  0.319   5.973   3.746 
 -1.376   6.623   7.065 
  1.651   8.916   6.590 
 -0.613  10.866   4.168 
 -4.100   9.199   4.428 
 -5.719   6.325   6.396
